%YAML:1.0
---
CameraExtrinsicMat: !!opencv-matrix
   rows: 4
   cols: 4
   dt: d
   data: [2.220446049250e-16, 0.000000000000e+00, 1.000000000000e+00, 5.156001448631e-02, -1.000000000000e+00, 2.220446049250e-16, 2.220446049250e-16, -0.000000000000e+00, -2.220446049250e-16, -1.000000000000e+00, 1.232595164408e-32, -8.980011940002e-02, 0.000000000000e+00, 0.000000000000e+00, 0.000000000000e+00, 1.000000000000e+00]
CameraMat: !!opencv-matrix
   rows: 3
   cols: 3
   dt: d
   data: [5.067288767554e+02, 0.000000000000e+00, 3.600000000000e+02, 0.000000000000e+00, 5.067288767554e+02, 2.700000000000e+02, 0.000000000000e+00, 0.000000000000e+00, 1.000000000000e+00]
DistCoeff: !!opencv-matrix
   rows: 1
   cols: 5
   dt: d
   data: [0., 0., 0., 0., 0.]
ImageSize: [720, 540]
ReprojectionError: 0.